==> run01.fitness.log <==
94 94 92 92 92 92 92 92 92 92 92 91 91 91 91 91 89 85 75 75 75 75 75 75 69 66 62 62 61 57 53 52 52 52 52 52 52 52 52 52 52 52 50 33 25 25 22 21 2 2 
82 82 80 80 80 80 80 80 80 80 80 80 80 80 80 80 80 77 77 70 68 67 67 67 67 67 66 66 58 54 54 54 51 51 51 51 51 51 51 51 51 51 50 50 41 36 34 26 15 5 
81 81 81 81 73 73 73 73 73 73 73 73 73 73 73 73 73 73 73 70 69 67 66 65 65 63 62 61 57 56 55 52 51 50 50 50 50 50 50 32 31 31 25 25 24 24 23 11 8 2 
81 81 81 81 80 80 80 80 80 80 80 80 80 80 80 80 80 80 76 75 75 73 68 66 66 63 63 62 62 61 57 51 51 51 50 50 44 42 42 21 17 14 12 4 4 4 4 4 3 3 
88 88 88 88 88 88 84 84 84 84 84 84 84 84 84 84 84 84 84 84 84 80 80 79 73 72 70 62 62 61 61 59 58 58 57 56 51 50 50 50 50 35 33 30 12 8 6 1 1 0 
79 77 77 77 77 77 77 71 71 71 71 71 71 71 71 71 69 67 66 63 62 59 59 57 56 56 56 55 55 51 51 51 50 50 50 50 50 50 50 50 33 33 26 21 15 8 6 6 1 1 
82 81 81 81 81 81 81 81 81 78 78 78 78 78 75 75 73 73 70 70 65 65 59 56 55 55 55 55 55 55 54 51 51 51 50 50 50 50 50 50 50 37 36 36 29 26 6 4 1 0 
80 80 80 80 80 80 80 80 79 75 75 75 75 75 72 71 70 66 60 60 59 59 57 56 56 51 51 51 50 50 50 50 50 50 50 50 48 48 43 43 42 36 34 32 16 11 7 7 1 1 
80 78 78 77 77 77 77 77 77 77 77 74 73 73 73 69 65 58 57 57 57 53 53 52 52 52 52 52 52 52 51 50 48 48 38 34 33 33 33 30 30 26 24 21 13 13 4 4 3 3 
82 82 82 82 82 82 82 82 82 82 82 82 79 79 75 73 72 71 69 69 68 65 60 60 59 51 51 51 51 51 51 51 51 43 38 36 31 26 25 24 17 17 16 11 11 2 2 2 1 1 

==> run02.fitness.log <==
75 75 75 75 75 75 75 75 75 75 75 75 75 75 75 75 75 75 75 75 75 75 75 75 75 75 75 60 51 51 51 51 51 51 51 50 50 50 50 50 50 29 25 24 24 2 2 1 1 0 
80 80 79 79 79 79 79 79 79 79 79 79 79 79 79 79 79 79 78 78 75 50 50 50 50 50 50 50 50 50 50 50 35 33 33 33 31 31 30 30 27 24 24 24 9 0 0 0 0 0 
80 80 80 80 80 80 80 80 80 80 80 80 80 80 80 80 80 78 77 77 57 57 51 51 51 51 51 51 51 50 50 50 50 47 42 36 34 32 32 31 28 12 11 8 2 2 2 2 1 1 
82 80 80 80 80 80 80 80 80 80 80 80 80 80 80 80 80 80 80 80 78 78 78 78 67 67 67 51 51 51 50 50 50 50 50 50 50 38 33 17 11 9 7 6 6 6 1 1 1 0 
84 81 81 81 81 81 81 81 81 81 81 81 81 81 81 81 81 81 79 60 56 51 51 51 51 51 51 51 51 51 51 51 51 51 51 51 51 51 47 42 36 34 32 32 31 13 11 11 2 2 
83 83 83 83 83 83 83 83 83 83 83 83 83 83 83 83 83 83 51 51 51 51 51 51 51 50 50 50 50 50 50 44 40 37 36 35 34 33 33 32 6 6 1 1 1 1 1 1 1 1 
77 77 77 77 77 77 77 77 77 77 77 77 77 77 77 77 77 56 52 52 52 52 52 52 52 52 51 51 51 51 51 51 51 51 44 41 29 28 27 24 21 17 17 17 17 9 7 3 2 2 
81 81 80 80 80 80 80 80 80 80 80 80 80 80 80 79 75 57 52 52 52 52 52 51 50 50 50 50 50 50 50 50 34 33 33 33 33 33 33 33 22 19 19 14 11 3 3 3 3 3 
81 79 79 79 79 79 79 79 79 79 79 79 79 79 79 79 79 79 79 60 58 57 52 52 52 51 51 51 51 51 50 50 50 49 30 30 27 12 10 3 3 3 3 3 3 3 3 2 1 1 
85 83 83 83 83 83 83 83 83 83 83 83 83 83 83 83 83 83 83 83 83 82 82 82 82 81 50 50 50 50 50 50 50 50 50 50 50 42 42 38 5 5 0 0 0 0 0 0 0 0 

==> run03.fitness.log <==
77 76 76 76 76 76 76 76 76 76 76 76 76 76 76 76 76 76 76 76 76 76 76 76 76 76 73 69 66 59 58 51 51 51 51 51 51 51 51 51 51 51 51 51 50 46 30 23 9 1 
84 82 82 82 82 82 82 82 82 82 82 82 82 82 82 82 82 82 82 82 81 81 81 76 62 61 61 61 58 51 51 51 51 51 51 51 50 50 42 39 38 37 33 8 2 2 2 1 1 1 
76 75 75 75 74 74 74 74 74 74 74 74 74 74 74 74 74 74 73 73 73 70 69 68 55 50 50 50 50 50 50 50 50 50 50 50 50 50 32 32 29 22 20 9 7 4 0 0 0 0 
82 81 81 81 81 81 81 81 81 81 81 81 81 81 81 80 80 80 80 79 75 63 63 59 59 58 53 53 52 52 52 52 52 52 52 52 52 52 52 50 36 21 17 14 5 5 5 5 5 2 
81 81 80 80 80 80 80 80 80 80 80 80 80 80 80 80 80 78 78 77 75 75 75 62 53 53 53 53 53 53 53 53 53 53 53 50 50 50 50 44 43 36 35 19 19 19 15 10 6 6 
87 87 86 86 86 86 85 85 85 85 85 85 85 85 85 85 85 85 85 85 82 78 58 50 50 50 50 50 50 50 50 50 50 50 50 50 50 50 47 47 46 44 44 43 16 16 0 0 0 0 
76 76 76 76 76 76 76 76 76 76 76 76 76 76 76 76 76 76 76 76 76 76 76 76 76 76 72 72 71 57 55 51 51 51 51 51 50 50 50 50 50 50 49 43 41 22 1 1 1 0 
77 77 77 76 76 76 76 76 76 75 75 75 75 75 75 75 75 75 60 60 59 59 59 59 56 54 54 54 54 54 54 51 51 51 51 51 51 51 50 50 50 36 35 32 19 17 11 6 2 2 
79 79 79 79 79 79 79 79 79 79 79 79 79 79 79 79 79 79 79 79 79 79 79 79 79 79 78 59 59 59 59 58 56 55 55 53 51 51 50 50 50 50 50 50 40 11 9 9 8 1 
86 86 86 86 86 86 86 86 86 86 86 86 86 86 84 84 84 84 83 83 83 82 72 63 63 61 60 59 59 59 56 54 52 52 50 50 50 50 50 45 41 32 30 18 9 6 6 2 2 0 

==> run04.fitness.log <==
54 54 54 54 54 54 54 54 54 54 54 54 54 54 54 54 54 54 54 54 54 54 54 54 54 54 54 54 54 54 54 54 54 54 54 54 50 50 50 50 50 50 50 49 7 7 7 4 3 3 
50 50 50 50 50 50 50 50 50 50 50 50 50 50 50 50 50 50 50 50 50 50 50 50 50 50 50 50 50 50 50 50 50 50 50 37 31 29 15 0 0 0 0 0 0 0 0 0 0 0 
50 50 50 50 50 50 50 50 50 50 50 50 50 50 50 50 50 50 50 50 50 50 50 50 50 50 50 50 50 50 50 50 50 50 50 50 50 45 13 10 9 8 6 0 0 0 0 0 0 0 
50 50 50 50 50 50 50 50 50 50 50 50 50 50 50 50 50 50 50 50 50 50 50 50 50 50 50 50 50 50 50 50 50 50 50 50 50 50 50 47 43 16 7 5 0 0 0 0 0 0 
51 51 51 51 51 51 51 51 51 51 51 51 51 51 51 51 51 51 51 51 51 51 51 51 51 51 51 51 51 51 51 51 51 51 51 51 50 48 44 38 37 34 18 2 2 2 2 2 2 2 
51 51 51 51 51 51 51 51 51 51 51 51 51 51 51 51 51 51 51 51 51 51 51 51 51 51 51 51 51 51 51 51 51 51 51 51 51 47 36 7 7 5 5 2 2 2 2 2 2 2 
50 50 50 50 50 50 50 50 50 50 50 50 50 50 50 50 50 50 50 50 50 50 50 50 50 50 50 50 50 50 50 50 28 24 19 11 10 0 0 0 0 0 0 0 0 0 0 0 0 0 
51 51 51 51 51 51 51 51 51 51 51 51 51 51 51 51 51 51 51 51 51 51 51 51 51 51 51 51 51 51 51 51 51 50 50 50 18 11 10 4 2 2 2 2 2 1 1 1 1 1 
50 50 50 50 50 50 50 50 50 50 50 50 50 50 50 50 50 50 50 50 50 50 50 50 50 50 50 50 50 50 50 50 50 49 30 25 15 10 8 8 8 0 0 0 0 0 0 0 0 0 
52 52 52 52 52 52 52 52 52 52 52 52 52 52 52 52 52 52 52 52 52 52 52 52 52 52 50 50 50 48 19 13 9 3 3 3 3 3 3 3 3 3 3 3 3 2 2 2 2 1 

==> run05.fitness.log <==
87 87 87 87 87 87 87 87 87 87 87 87 87 87 87 87 87 87 87 87 84 78 78 78 78 78 77 77 59 59 56 50 50 50 50 50 50 49 38 36 36 15 12 11 6 6 6 3 0 0 
82 82 82 82 82 82 82 82 82 82 82 82 82 82 82 82 82 82 82 80 79 79 79 79 74 71 52 52 52 52 52 52 52 52 51 51 50 49 43 41 41 33 33 32 30 28 20 4 3 3 
80 80 80 80 80 80 80 80 80 80 80 80 80 80 80 80 80 80 80 80 80 80 80 75 73 73 73 68 58 57 50 50 50 50 50 50 47 45 39 36 36 34 34 32 32 4 4 0 0 0 
85 85 85 85 85 85 85 85 85 85 85 85 85 85 85 85 85 85 85 85 85 85 85 85 85 79 79 79 72 66 60 60 60 60 60 55 51 50 50 50 50 50 48 48 41 41 40 13 13 0 
85 85 85 85 85 85 85 85 85 85 85 85 85 85 85 85 85 85 85 85 85 81 81 79 79 61 58 57 52 52 52 50 50 50 50 50 50 50 50 48 45 45 45 45 42 39 36 14 7 2 
84 84 84 84 84 84 84 84 84 84 84 84 84 84 84 84 82 81 81 80 79 59 56 56 56 55 52 52 52 51 51 51 51 51 50 50 50 50 44 40 40 36 36 33 18 11 3 3 1 1 
84 84 84 84 84 84 84 84 84 84 84 84 84 84 83 81 79 79 79 79 78 61 56 56 56 56 51 51 51 51 51 51 50 50 46 40 38 38 36 13 13 7 7 5 5 5 5 5 2 2 
83 83 83 83 83 83 83 83 83 83 83 83 83 83 83 83 82 80 80 80 80 70 62 62 59 59 59 59 59 57 52 52 52 52 51 51 51 51 46 43 35 34 14 14 13 3 3 3 2 2 
85 85 85 85 85 85 85 85 85 85 85 85 85 85 85 85 85 85 85 82 81 81 80 79 78 68 65 60 59 59 51 51 51 51 50 50 50 46 45 41 39 37 37 35 34 27 18 10 10 9 
83 83 83 83 83 83 83 83 83 83 83 83 83 83 83 83 77 77 76 76 71 69 60 57 57 57 56 56 55 54 54 51 42 42 42 42 42 37 37 37 35 35 33 27 11 11 9 9 1 1 

==> run06.fitness.log <==
85 84 84 84 83 83 83 83 83 83 83 83 83 83 83 83 83 83 80 74 73 72 68 59 56 56 56 56 54 52 52 52 52 52 52 51 51 51 51 50 49 49 49 35 16 11 9 9 8 8 
86 86 85 85 85 85 85 85 85 85 85 85 85 85 82 82 81 80 80 77 77 72 71 59 59 59 57 53 51 51 51 51 51 51 50 49 49 49 42 40 36 34 30 10 10 10 6 2 2 2 
87 86 86 86 86 86 86 86 86 86 86 86 86 77 76 69 69 69 68 61 61 61 61 61 58 57 57 57 56 53 53 53 53 53 51 51 50 50 50 48 46 46 37 36 36 15 9 8 4 4 
86 86 85 85 85 85 85 85 85 85 85 85 85 85 85 85 82 79 76 74 74 68 62 62 62 62 60 60 59 59 56 51 51 51 51 50 50 50 50 50 50 50 50 46 31 26 18 7 1 1 
84 84 84 84 83 83 83 83 83 83 83 83 83 83 83 83 83 83 83 83 83 78 78 78 78 74 69 66 65 64 64 60 60 58 58 56 51 51 51 50 50 50 50 50 50 46 10 8 1 1 
87 87 87 87 87 86 86 86 86 86 86 86 86 86 86 86 86 86 81 81 78 77 75 75 65 63 62 62 57 57 55 51 51 51 51 51 51 51 51 51 51 51 50 33 29 22 17 6 2 2 
85 84 84 84 84 84 84 84 84 84 84 84 84 84 84 84 84 84 82 79 76 75 75 75 75 75 74 71 66 57 57 56 54 52 52 52 52 52 52 50 50 50 40 38 35 17 16 8 5 3 
85 85 85 81 81 81 81 81 81 81 81 81 81 81 81 81 81 81 80 80 80 80 80 80 80 80 79 77 75 75 73 72 61 61 61 60 57 52 52 52 52 52 52 50 47 36 32 12 4 4 
88 88 88 88 88 88 88 88 88 88 88 88 87 87 87 87 87 87 87 87 87 87 87 87 87 80 80 80 78 69 56 54 50 50 50 50 50 50 50 50 50 50 50 50 47 45 22 18 0 0 
84 84 83 83 83 83 83 83 83 83 83 83 83 83 83 83 83 83 83 83 83 83 83 83 83 83 83 82 82 80 80 76 66 56 55 51 51 51 51 50 48 43 43 38 38 37 37 37 9 1 

==> run07.fitness.log <==
72 72 72 72 72 72 72 72 72 72 72 72 72 72 72 72 72 72 72 72 71 71 70 66 65 65 65 63 63 62 62 62 59 51 50 50 50 50 50 50 50 46 45 43 41 39 39 33 27 0 
81 81 81 81 81 81 81 81 81 81 81 81 81 81 81 81 81 81 81 81 81 81 78 78 72 72 64 63 57 57 57 53 53 53 51 51 51 50 50 47 46 45 37 37 30 29 19 15 4 4 
82 82 82 82 82 82 82 82 82 82 82 82 82 82 82 82 82 82 82 82 82 82 82 82 82 82 82 80 80 67 67 67 65 63 62 62 62 62 62 62 62 62 62 61 59 49 43 41 25 0 
82 82 82 82 82 82 82 82 82 82 82 82 82 82 82 82 82 82 82 82 82 82 82 82 82 82 82 82 82 82 81 80 75 66 59 59 59 59 51 51 51 51 50 50 50 50 42 28 15 1 
81 81 81 81 81 81 81 81 81 81 81 81 81 81 81 81 81 81 81 81 81 81 81 81 81 74 74 74 68 64 60 53 51 51 51 51 51 51 51 48 40 39 39 37 37 36 27 23 2 2 
83 83 83 83 83 83 83 83 83 83 83 83 83 83 83 83 83 83 83 83 83 82 82 82 80 77 67 65 61 55 55 52 52 52 50 45 42 42 33 33 33 33 26 26 26 19 14 2 2 2 
84 84 84 84 84 84 84 84 84 84 84 84 84 84 84 84 84 84 84 84 84 84 82 82 75 72 72 66 65 62 55 53 52 52 52 52 52 52 52 52 50 50 46 40 37 36 35 33 23 14 
81 81 81 81 81 81 81 81 81 81 81 81 81 81 81 81 81 81 81 81 78 78 68 66 56 52 52 52 52 52 52 52 52 52 52 52 52 51 45 44 41 41 33 19 16 15 14 2 2 2 
81 81 81 81 81 81 81 81 81 81 81 81 81 81 81 81 81 81 81 81 81 81 66 65 64 63 61 60 59 57 54 50 50 50 50 50 50 50 50 50 50 50 50 50 49 9 4 0 0 0 
80 80 80 80 80 80 80 80 80 80 80 80 80 80 80 80 80 80 80 80 80 80 80 80 72 71 68 63 51 51 51 51 51 50 50 50 50 50 50 50 50 47 39 17 9 9 1 1 1 1 

==> run08.fitness.log <==
92 92 92 92 92 92 92 92 92 92 92 92 90 90 90 90 66 62 62 59 59 52 51 51 51 51 51 51 51 51 51 50 50 50 47 47 47 45 37 22 11 8 3 3 3 3 3 3 3 1 
87 87 87 87 87 87 87 87 87 87 87 87 87 87 87 87 87 81 80 80 80 66 55 53 52 52 52 52 52 52 51 51 51 51 51 51 51 51 46 45 39 39 38 32 19 13 3 3 3 1 
84 84 84 84 84 84 84 84 84 84 84 84 84 84 84 84 84 84 84 84 84 78 78 73 55 55 51 51 51 50 50 50 50 50 50 50 50 49 45 43 38 38 36 35 34 17 2 2 2 2 
85 85 85 85 85 85 85 85 85 85 85 85 85 85 85 85 85 85 85 85 84 81 79 77 56 56 56 56 55 53 50 50 50 50 50 50 50 50 50 50 43 42 42 37 16 9 9 9 9 1 
81 81 81 81 81 81 81 81 81 81 81 81 81 81 81 81 81 81 75 63 59 57 57 56 55 53 52 52 52 51 51 51 51 51 51 51 51 51 51 51 51 51 50 50 50 50 47 41 41 3 
84 84 84 83 83 83 83 83 83 83 83 83 83 83 83 83 83 83 83 83 83 83 83 83 80 76 61 59 56 56 53 53 50 50 50 50 50 50 50 50 50 46 42 39 27 20 18 0 0 0 
87 87 87 87 86 86 86 86 86 86 86 86 86 86 86 86 86 86 86 86 86 86 86 79 79 63 62 61 61 61 60 60 60 56 55 51 51 51 51 50 50 50 48 48 47 43 41 41 1 1 
85 85 85 85 85 84 84 84 84 84 84 84 84 84 78 75 66 66 54 54 54 54 54 54 53 53 52 50 50 50 50 50 50 50 50 50 50 45 45 42 42 30 28 28 23 15 7 5 4 0 
90 90 90 90 90 89 89 89 89 89 89 89 89 82 81 81 72 70 64 64 59 59 59 54 53 52 52 51 51 50 50 50 50 50 50 50 46 45 45 43 42 42 38 14 2 2 2 2 2 0 
86 86 86 86 86 85 85 85 85 85 85 85 85 85 85 79 76 75 59 58 55 53 53 53 53 53 52 51 51 51 50 50 50 50 50 43 38 35 34 29 29 29 29 26 13 12 3 3 3 3 

==> run09.fitness.log <==
84 84 84 84 84 84 84 84 84 74 73 73 73 73 73 73 73 72 72 72 70 70 70 70 70 66 62 58 58 58 58 57 57 50 50 50 50 50 48 48 41 41 41 41 39 29 29 28 28 20 
86 86 86 86 84 84 84 84 84 84 84 84 84 84 84 79 70 68 68 68 68 68 67 63 63 63 60 57 51 50 50 50 50 50 50 50 50 49 49 49 46 45 43 28 24 20 16 11 0 0 
85 85 85 85 85 85 85 85 85 85 85 85 85 85 85 78 78 76 75 75 66 66 62 56 55 54 54 54 54 51 51 51 51 51 51 51 50 50 50 47 45 38 36 21 15 15 11 4 1 0 
87 87 87 87 87 86 86 86 86 86 86 86 86 86 86 86 86 86 86 86 86 86 86 77 77 74 72 72 66 66 66 66 63 59 56 56 56 56 53 53 53 53 53 53 52 50 42 35 26 3 
85 85 85 85 85 85 85 85 84 84 84 84 84 84 84 84 84 84 84 84 84 84 84 84 84 73 73 61 61 60 60 60 55 52 50 50 50 50 50 50 49 39 37 34 31 22 21 16 0 0 
85 85 85 85 85 85 85 85 85 85 85 85 85 85 85 85 85 85 85 85 85 85 85 85 85 85 77 74 73 72 70 66 61 61 57 52 52 52 50 50 50 43 38 26 6 6 2 2 2 0 
79 79 79 79 79 79 79 79 79 79 79 79 79 79 79 79 79 79 79 79 79 76 76 71 71 70 70 67 61 61 59 53 50 50 50 50 50 50 50 47 46 45 41 40 36 36 29 20 4 0 
84 84 84 84 84 84 84 84 84 84 84 84 84 84 84 84 84 82 82 82 82 82 82 82 82 82 78 77 74 70 59 59 59 59 50 50 50 50 44 42 38 17 11 10 8 8 1 1 1 0 
82 82 82 82 82 82 82 82 82 82 82 82 82 82 81 81 81 80 76 72 72 62 55 55 55 55 54 53 51 51 51 51 51 51 51 51 51 51 50 41 41 41 39 34 14 6 4 4 1 1 
83 83 83 83 83 83 83 83 83 83 83 82 82 74 74 74 71 59 59 56 56 54 53 52 52 52 51 51 51 51 51 51 50 50 50 50 50 50 50 50 46 41 36 31 14 12 9 9 7 0 

==> run10.fitness.log <==
81 81 81 81 81 81 81 81 81 81 81 81 81 81 81 81 81 81 81 77 67 63 63 62 62 61 60 59 59 59 58 56 55 52 50 50 50 48 48 45 42 42 40 39 22 12 12 9 9 2 
79 79 79 79 79 79 79 79 79 79 79 79 79 79 79 79 79 79 79 79 79 79 79 79 78 78 78 78 62 61 60 59 58 58 53 52 52 51 48 48 48 47 46 44 37 35 33 32 32 4 
77 77 77 77 77 77 77 77 77 77 77 77 77 77 77 77 77 77 77 77 77 77 77 77 74 64 64 62 62 61 58 56 55 52 51 51 50 50 50 49 44 40 38 33 29 19 19 15 2 0 
82 82 82 82 82 82 82 82 82 82 82 82 82 82 82 82 82 82 82 82 82 82 82 82 82 81 79 63 59 58 58 58 58 58 58 51 51 50 50 50 50 50 49 44 41 33 28 26 22 0 
78 78 78 78 78 78 78 78 78 78 78 78 78 78 78 78 78 78 78 78 78 78 78 78 78 78 78 78 78 78 78 71 70 64 59 59 59 57 57 56 51 51 51 51 50 50 50 50 50 50 
81 81 81 81 81 81 81 81 81 81 81 81 81 81 81 81 81 81 81 81 81 81 81 81 81 81 68 68 68 53 51 51 51 51 51 51 51 51 51 51 51 50 50 50 50 50 48 31 31 0 
78 78 78 78 78 78 78 78 78 78 78 78 78 78 78 78 78 78 78 78 78 72 66 63 63 63 63 57 57 52 51 51 51 51 51 51 51 49 49 49 49 47 46 46 46 36 29 23 12 1 
78 78 78 78 78 78 78 78 78 78 78 78 78 78 78 78 69 67 67 67 67 58 58 57 56 56 56 55 55 55 55 50 50 50 50 50 50 50 50 50 48 48 47 46 45 37 36 21 1 1 
77 77 77 77 77 77 77 77 77 77 77 77 77 77 77 77 77 77 77 77 77 77 72 71 71 66 66 61 60 59 57 57 57 57 51 50 50 50 50 50 48 41 39 30 29 28 20 1 1 1 
80 80 80 80 80 80 80 80 80 80 80 80 80 80 80 80 80 80 80 78 78 71 70 70 69 62 62 62 59 59 58 58 56 51 51 51 51 51 51 50 50 50 50 48 37 37 37 20 11 11 

==> run11.fitness.log <==
89 89 89 89 89 89 89 89 89 89 89 89 89 89 89 89 89 89 89 89 89 88 88 88 88 88 88 88 88 88 88 74 74 64 53 53 53 53 53 53 52 51 51 50 50 36 32 22 13 3 
83 83 83 83 83 83 83 83 83 83 83 83 83 83 83 83 83 83 83 83 83 83 83 82 74 56 55 52 52 51 51 51 51 51 50 50 50 50 50 50 39 39 39 39 37 33 1 1 1 1 
86 86 86 86 86 86 86 86 86 86 86 86 86 86 86 86 86 86 86 86 86 86 86 86 86 80 80 78 78 78 78 78 74 62 61 55 55 52 52 52 52 51 51 51 51 50 39 35 14 9 
87 87 87 87 87 87 87 87 87 87 87 87 87 87 87 87 87 87 87 79 79 79 78 77 76 76 75 75 60 60 60 58 56 56 54 51 51 51 51 51 51 51 50 50 50 50 42 27 17 1 
85 85 85 85 85 85 85 85 85 85 85 85 85 85 85 85 85 85 85 85 85 85 85 85 85 85 85 85 82 77 77 75 61 57 52 50 50 50 50 50 50 44 40 36 33 30 15 14 0 0 
86 86 86 86 86 86 86 86 86 86 86 86 86 86 86 86 86 86 86 86 86 86 86 86 86 80 79 79 76 76 69 69 61 61 61 61 58 58 57 56 52 51 51 51 50 50 28 20 1 1 
87 87 87 87 87 87 87 87 87 87 87 87 87 87 87 87 87 87 87 87 87 87 87 87 87 87 87 87 87 83 83 83 83 74 63 60 57 55 55 55 50 50 50 50 50 50 50 40 29 0 
87 87 87 87 87 87 87 87 87 87 87 87 87 87 87 87 87 87 87 87 87 87 85 82 76 76 71 66 66 66 65 65 65 57 56 56 55 50 50 50 50 50 50 39 23 21 8 6 6 0 
88 88 88 88 88 88 88 88 88 88 88 88 88 88 88 88 88 88 88 88 88 88 79 76 76 71 70 68 60 59 57 57 56 56 56 52 52 50 50 50 50 50 50 41 29 21 6 0 0 0 
81 81 81 81 81 81 81 81 81 81 81 81 81 81 81 81 81 81 81 81 81 81 81 81 78 77 77 70 69 61 56 50 50 50 50 50 50 50 50 50 50 50 50 50 50 50 50 40 36 0 

==> run12.fitness.log <==
87 81 80 80 80 80 80 80 80 80 80 80 80 80 80 80 80 80 75 75 71 71 63 60 60 60 56 55 54 51 51 51 51 51 51 51 51 51 51 51 51 51 50 50 20 19 11 1 1 1 
84 84 84 82 81 80 80 80 80 80 80 80 80 80 80 80 80 80 80 80 80 80 80 79 76 75 73 73 73 70 70 59 59 57 57 55 55 51 51 51 51 50 50 39 34 28 9 1 1 0 
83 83 83 83 83 83 83 83 83 83 83 83 83 80 79 74 74 74 74 74 74 74 74 72 70 68 68 54 53 52 51 51 51 51 51 51 51 50 50 50 30 29 26 22 22 22 21 18 11 1 
85 84 80 78 78 78 78 78 78 78 78 78 78 78 78 78 78 78 78 78 78 77 70 64 64 55 55 55 51 51 51 51 51 51 51 50 50 50 45 45 45 40 37 35 34 25 20 4 1 0 
85 85 85 85 84 84 84 84 84 84 84 84 84 84 84 84 77 77 77 76 74 73 72 69 63 55 51 51 51 51 51 51 51 51 51 51 51 51 49 48 44 42 36 33 6 6 6 2 2 1 
93 93 93 93 93 93 91 91 91 91 91 91 91 91 91 91 91 91 84 83 83 78 78 78 75 67 65 62 60 59 51 51 51 51 51 51 51 51 51 51 51 51 51 50 50 2 2 2 2 1 
85 85 85 85 85 85 85 85 85 85 85 85 85 85 85 85 85 85 85 85 85 85 85 85 82 80 77 76 66 62 57 57 50 50 50 50 50 50 48 48 44 12 9 9 9 7 6 0 0 0 
78 78 78 78 78 78 78 78 78 78 78 78 78 78 78 78 78 78 78 78 78 78 78 78 78 78 71 71 68 62 53 53 53 51 51 51 51 51 51 50 50 50 47 46 40 38 33 31 4 0 
84 84 84 84 84 84 84 84 84 84 84 84 84 84 84 84 84 84 84 84 84 84 84 84 84 84 84 83 83 83 81 77 77 77 76 59 59 53 51 50 50 46 44 44 37 16 12 10 9 1 
85 85 85 85 85 85 85 85 85 85 85 85 85 85 85 85 85 85 85 85 85 85 85 85 85 85 85 85 84 84 83 77 63 63 60 57 57 55 52 52 52 51 51 50 48 46 36 28 9 3 

==> run13.fitness.log <==
80 80 80 80 80 80 80 80 80 80 80 80 80 80 80 80 80 80 80 60 60 60 60 60 58 53 52 52 52 50 50 50 50 50 50 50 37 36 31 29 23 12 12 11 10 2 2 2 2 2 
80 80 80 80 80 80 80 80 80 80 80 80 80 80 80 80 80 80 80 80 76 76 56 56 55 54 54 54 52 50 50 50 50 50 50 50 50 50 50 43 43 16 6 2 0 0 0 0 0 0 
78 78 78 78 78 78 78 78 78 78 78 78 78 78 78 78 78 78 77 77 76 61 60 60 60 59 59 57 51 51 50 50 50 50 50 50 50 50 50 46 46 45 44 25 11 7 1 1 0 0 
81 81 81 81 81 81 81 81 81 81 81 81 81 81 81 81 81 81 81 81 81 78 78 78 63 63 63 61 61 60 60 60 59 52 52 52 52 52 52 52 51 50 50 50 50 20 10 2 2 2 
81 81 81 81 81 81 81 81 81 81 81 81 81 81 81 81 81 81 81 81 81 81 81 81 81 80 79 76 66 60 60 56 50 50 50 50 50 50 50 50 48 40 39 39 39 33 29 16 12 2 
86 86 85 85 85 85 85 85 85 85 85 85 85 85 85 85 85 85 85 85 85 85 84 66 64 59 59 56 51 51 51 51 51 51 51 51 51 51 51 51 51 51 50 50 50 50 41 35 34 1 
74 74 74 74 74 74 74 74 74 74 74 74 74 74 74 74 74 74 74 74 74 74 74 70 70 58 51 51 51 51 51 51 51 51 51 51 51 51 49 46 43 43 39 27 24 12 2 2 2 2 
79 79 78 78 78 78 78 78 78 78 78 78 78 78 78 78 78 78 78 68 68 55 55 53 53 53 51 51 51 51 50 50 50 50 50 50 50 39 36 36 23 15 3 1 1 1 1 0 0 0 
77 77 77 77 77 77 77 77 77 77 77 77 77 77 77 77 77 77 77 77 77 74 74 73 61 60 60 54 54 54 51 51 50 50 50 50 50 50 44 42 42 42 29 21 17 4 0 0 0 0 
79 79 79 79 79 79 79 79 79 79 79 79 79 79 79 79 79 79 79 79 79 79 79 78 75 75 63 60 60 51 51 51 51 51 51 51 51 51 51 50 46 45 42 42 42 25 11 10 8 2 

==> run14.fitness.log <==
80 80 80 80 80 80 80 80 80 80 80 80 80 80 80 80 80 80 80 80 80 79 79 78 78 77 77 75 75 58 58 58 58 51 51 51 51 51 51 51 51 51 51 47 46 44 31 18 2 2 
85 85 85 85 85 85 85 85 85 85 85 85 85 85 85 85 85 85 85 85 85 85 85 85 85 85 85 85 84 84 84 84 84 55 52 51 51 50 50 50 50 50 50 50 50 50 49 1 1 1 
81 81 81 81 81 81 81 81 81 81 81 81 81 81 81 81 81 81 81 81 81 81 79 79 79 71 70 62 59 59 56 55 55 55 55 52 52 52 51 51 51 51 51 50 50 50 33 33 21 17 
76 76 75 75 75 75 75 75 75 75 75 75 75 75 75 75 75 75 75 75 75 67 62 59 59 59 58 58 57 53 53 53 51 51 51 51 51 47 46 44 41 41 37 29 26 26 21 10 3 2 
84 79 79 79 79 79 79 79 79 79 79 79 79 79 79 79 79 79 79 78 78 68 66 63 58 58 58 58 58 58 58 58 58 56 50 50 50 50 50 50 50 50 50 50 50 38 24 23 20 0 
79 79 79 79 79 79 79 79 79 79 79 79 79 79 79 79 79 79 79 79 78 75 60 59 57 57 57 57 55 54 52 51 50 50 50 49 48 46 43 42 39 38 35 29 29 17 7 6 4 1 
79 79 79 79 79 79 79 79 79 79 79 79 79 79 79 79 79 79 79 79 79 79 79 76 76 76 71 60 58 53 52 52 51 51 50 50 50 50 50 50 49 49 43 40 36 31 22 21 12 1 
80 80 80 80 79 79 79 79 79 79 79 79 79 79 79 79 79 79 79 79 78 78 77 77 77 77 74 60 60 57 56 52 51 51 51 51 51 51 51 51 50 50 46 37 37 29 7 1 1 1 
81 81 81 81 81 81 81 81 81 81 81 81 81 81 81 81 81 81 81 81 81 81 80 79 76 76 76 64 62 62 59 59 56 56 52 50 50 50 50 50 50 50 50 50 50 50 48 40 18 6 
82 79 79 79 79 79 79 79 79 79 79 79 79 79 79 79 79 79 79 79 79 79 77 72 62 62 56 56 51 51 51 51 51 51 51 51 51 51 50 49 49 48 39 36 33 12 12 12 12 6 

==> run15.fitness.log <==
80 80 80 80 80 80 80 80 80 80 79 79 79 79 79 79 79 79 79 79 79 79 79 74 64 52 48 48 46 19 11 11 11 10 10 10 10 10 8 3 3 3 3 3 1 1 1 1 1 0 
79 79 79 79 76 76 76 76 76 76 76 76 76 76 76 76 76 76 72 69 67 44 33 27 25 25 24 20 20 20 20 18 18 17 17 17 16 10 10 10 10 9 9 9 3 3 3 3 1 1 
80 80 80 80 80 80 80 80 77 77 77 77 77 77 77 77 77 77 77 77 77 77 77 77 77 75 68 68 65 46 17 17 16 13 13 12 12 12 12 12 9 9 7 5 2 2 2 2 0 0 
77 76 76 76 76 76 76 76 76 76 76 73 73 73 73 73 71 71 42 27 23 16 15 15 14 14 14 14 13 13 12 12 10 10 10 10 8 7 7 6 6 2 2 2 2 2 2 2 2 2 
83 83 83 81 81 81 81 81 81 81 81 81 81 81 77 70 60 60 26 26 26 20 15 15 14 14 14 14 14 13 12 11 11 9 9 8 7 4 2 2 2 2 2 2 2 2 2 2 2 0 
87 87 87 87 87 87 87 87 87 86 85 85 85 85 85 85 85 85 80 75 40 25 15 14 14 14 13 12 12 12 11 10 10 9 8 8 4 4 4 4 4 4 2 2 2 2 2 2 0 0 
74 74 74 74 74 74 74 74 74 74 74 74 74 74 74 69 46 22 22 21 17 17 11 9 8 8 5 5 5 5 3 3 3 3 3 3 2 2 2 2 2 2 2 2 2 2 2 2 2 1 
85 82 82 82 82 82 81 81 81 81 81 81 81 81 81 81 81 81 55 55 51 43 39 38 22 15 14 14 14 14 13 13 13 13 7 7 7 7 7 4 4 4 4 4 4 4 4 4 4 1 
84 84 84 84 84 84 84 84 84 84 80 80 80 77 77 77 77 77 77 51 51 51 33 33 31 16 16 15 12 12 12 12 12 12 12 12 12 12 12 11 1 1 1 1 1 1 1 1 0 0 
86 86 84 84 84 82 82 82 82 82 82 82 82 82 82 82 82 82 82 82 82 82 73 71 41 30 29 23 12 11 10 10 10 9 9 9 9 6 3 3 0 0 0 0 0 0 0 0 0 0 

==> run16.fitness.log <==
79 79 79 79 79 79 79 79 79 79 79 79 79 79 79 79 79 74 66 66 63 61 60 58 58 57 54 51 51 51 51 51 51 50 50 50 48 47 44 44 40 39 39 38 35 30 29 23 16 0 
80 80 80 80 80 80 80 80 80 80 80 80 80 80 80 80 79 79 76 74 73 70 66 62 56 56 56 54 53 53 51 51 51 50 50 50 50 50 50 50 47 40 31 27 15 8 6 6 2 1 
81 81 81 81 81 81 81 81 81 81 81 81 81 81 81 81 81 81 81 81 81 81 81 81 79 78 72 65 62 62 61 56 51 51 51 51 51 50 50 50 50 48 46 39 38 38 36 35 18 1 
78 78 78 78 78 78 78 78 78 78 78 78 78 78 78 78 73 71 70 69 64 64 57 57 57 57 50 50 50 50 50 49 48 48 48 45 44 43 43 40 33 31 31 31 30 27 20 8 1 1 
81 81 81 81 81 81 81 81 81 81 81 81 81 81 81 81 81 81 81 78 76 74 74 70 66 59 59 58 57 56 56 51 51 51 51 51 50 50 50 50 47 44 42 38 35 33 32 32 27 0 
80 80 80 80 80 80 80 80 80 80 80 80 80 80 80 80 80 80 79 79 79 79 75 70 68 66 59 54 54 52 52 51 51 51 51 51 51 51 51 51 51 48 46 40 36 35 33 31 30 19 
75 75 75 75 75 75 75 75 75 75 75 75 75 75 75 75 75 75 75 75 75 75 75 73 72 71 70 69 69 66 65 65 62 59 56 56 56 52 52 52 52 52 52 52 36 31 31 31 31 26 
74 74 74 74 74 74 74 74 74 74 74 74 74 74 74 74 74 74 74 74 72 72 72 71 71 69 65 63 57 56 56 55 54 51 51 51 51 50 50 31 31 30 30 30 22 13 13 13 1 1 
83 83 83 83 83 83 83 83 83 83 83 83 83 83 83 83 83 83 83 82 81 81 80 80 80 80 80 76 76 74 69 66 63 60 60 60 59 54 54 54 46 40 40 37 36 35 26 12 11 7 
78 78 78 78 78 78 78 78 78 78 78 78 78 78 78 78 78 78 75 75 75 73 72 72 71 70 60 60 60 57 57 52 52 50 50 50 50 50 50 50 49 49 45 41 34 34 19 14 2 0 

==> run17.fitness.log <==
75 75 75 75 75 75 75 75 75 75 75 75 75 75 75 75 75 75 75 75 75 75 74 58 54 54 54 52 52 50 50 50 50 50 34 34 34 33 33 27 27 26 25 21 16 8 2 2 2 2 
84 84 84 84 84 84 84 84 84 84 84 84 84 84 84 84 84 84 84 84 84 84 84 83 79 58 58 55 53 51 50 50 50 50 50 50 47 45 42 42 41 41 23 23 23 17 10 7 1 1 
86 85 85 85 85 85 85 85 85 85 85 85 85 85 85 85 85 85 85 85 85 85 81 77 67 58 57 57 56 54 51 50 50 50 50 39 38 30 22 19 18 18 17 16 4 0 0 0 0 0 
88 88 88 88 88 88 88 88 88 88 88 88 88 88 88 88 88 88 67 62 57 54 54 53 52 51 50 50 50 50 50 50 48 48 38 37 34 30 28 28 28 24 22 21 20 17 15 9 4 4 
82 79 79 79 79 79 79 79 79 79 79 79 79 79 79 79 79 79 79 79 79 79 69 69 69 59 52 52 52 52 52 50 50 50 47 46 39 36 36 36 36 31 31 29 26 19 15 13 2 2 
84 83 83 83 83 83 83 83 83 83 83 83 83 83 83 83 83 83 83 83 83 83 83 82 82 81 81 73 73 57 51 50 50 48 47 46 46 44 40 34 30 30 23 23 14 12 11 11 1 0 
82 82 82 82 82 82 82 82 82 82 82 82 82 82 82 82 82 82 82 82 82 82 82 79 74 63 62 62 60 52 52 52 52 52 52 52 52 51 51 51 51 45 44 33 25 24 14 12 6 3 
83 81 81 81 81 81 81 81 81 81 81 81 81 81 81 81 81 81 81 81 81 81 81 81 81 60 59 59 58 55 51 51 51 50 50 50 39 39 37 33 32 31 20 19 17 17 14 5 1 1 
82 82 82 82 82 82 82 82 82 82 82 82 82 82 82 82 82 82 82 82 82 82 82 82 82 82 82 82 61 61 61 51 50 50 50 50 50 50 43 41 39 35 35 34 33 33 13 6 4 1 
83 82 82 82 82 82 82 82 82 82 82 82 82 82 82 82 82 81 81 81 78 61 58 58 58 51 51 51 51 51 51 51 51 51 51 50 50 50 50 48 46 43 43 40 37 33 21 19 1 1 

==> run18.fitness.log <==
78 78 78 78 78 78 78 78 78 78 78 78 78 78 78 78 78 76 75 74 70 59 59 59 57 57 57 51 51 51 51 50 50 50 50 50 50 50 50 50 50 50 50 50 40 40 27 12 1 1 
77 76 76 76 76 76 76 76 76 76 76 76 76 76 76 76 76 76 76 76 76 76 76 76 76 75 74 71 66 64 57 57 55 52 50 50 50 50 50 50 40 33 28 24 11 9 7 5 2 2 
79 78 78 78 78 78 78 78 78 78 78 78 78 78 77 76 76 68 68 68 67 67 67 64 59 56 51 51 51 51 50 50 50 50 50 50 50 50 44 40 29 29 29 20 15 12 4 4 1 0 
80 80 80 79 79 79 79 79 79 79 79 79 79 79 79 79 79 79 79 79 76 66 65 63 59 59 59 54 51 51 51 51 51 51 51 51 51 51 51 50 50 49 48 31 28 28 19 14 5 2 
81 81 81 81 81 80 80 80 80 80 80 80 80 80 80 80 80 77 68 68 68 68 67 60 60 60 59 59 56 56 52 52 52 52 51 51 50 50 50 50 50 49 46 44 41 37 34 19 16 8 
78 78 78 78 78 78 78 78 78 78 78 78 78 78 78 78 78 78 78 78 78 77 77 73 73 73 61 61 58 58 58 56 56 51 51 51 51 51 51 51 51 50 50 33 29 29 29 23 9 9 
83 83 83 83 83 83 83 82 82 82 82 82 82 82 82 82 82 82 82 82 82 82 82 82 82 79 75 71 70 63 63 61 61 61 60 60 60 60 59 53 50 50 50 50 50 43 37 36 34 19 
80 80 80 80 80 80 80 80 80 80 77 77 77 77 77 77 77 77 77 77 77 77 77 77 77 71 71 65 65 65 56 56 54 51 50 50 50 50 50 50 49 49 43 43 40 40 32 30 12 1 
82 82 82 82 82 82 82 82 82 82 82 82 82 82 82 82 82 82 81 81 81 81 78 73 68 65 60 59 56 56 52 52 52 52 52 52 51 51 47 46 43 42 35 34 34 33 32 8 8 4 
83 83 83 83 83 83 83 83 83 83 83 83 83 83 83 83 83 82 82 82 82 79 68 61 57 57 55 55 52 52 52 52 52 52 52 42 41 39 39 38 36 24 11 9 9 8 7 4 4 4 

==> run19.fitness.log <==
82 82 82 82 82 82 82 82 82 82 82 82 82 82 82 82 82 82 82 82 82 82 82 82 82 82 82 82 82 82 82 82 82 81 62 62 50 50 50 50 50 50 50 50 49 35 34 34 1 0 
77 77 77 77 77 77 77 77 77 77 77 77 77 77 77 77 77 77 77 77 77 77 77 77 77 77 59 52 52 52 50 50 50 50 50 50 50 50 49 44 43 40 39 39 34 27 20 15 14 2 
78 78 78 78 78 78 78 78 78 78 78 78 78 78 78 78 78 77 77 77 77 77 77 63 63 63 62 62 51 51 51 50 50 50 50 50 50 50 50 50 50 50 39 28 28 23 12 6 1 1 
83 83 83 83 83 83 83 83 83 83 83 83 83 83 83 83 83 83 83 82 82 82 82 82 82 82 75 59 59 59 59 59 58 53 50 50 50 50 50 50 50 50 50 50 43 27 8 3 3 3 
82 82 82 82 82 82 82 82 82 82 82 82 82 82 82 82 82 82 82 82 82 82 81 81 81 81 81 81 61 61 61 52 52 52 50 50 50 50 50 50 50 50 50 50 49 47 38 36 31 21 
77 77 77 77 77 77 77 77 77 77 77 77 77 77 77 77 77 77 77 77 77 77 77 77 77 77 77 76 76 57 57 54 54 54 54 54 54 54 54 54 52 50 50 50 50 50 50 29 27 2 
87 87 87 87 87 87 87 87 87 87 87 87 87 87 87 87 87 87 87 87 87 87 87 87 66 66 66 66 66 66 66 52 52 52 52 52 52 52 50 50 49 48 40 40 39 29 23 16 10 7 
80 80 80 80 80 80 80 80 80 80 80 80 80 80 80 80 80 80 80 80 80 80 80 80 80 80 80 80 80 80 80 78 78 78 78 60 60 60 59 59 59 58 55 55 55 52 52 50 48 27 
76 76 76 76 76 76 76 76 76 76 76 76 76 76 76 76 76 76 76 76 76 76 76 76 76 76 75 66 66 65 59 59 59 59 59 56 51 51 51 51 50 42 42 26 25 24 21 21 20 9 
83 83 83 83 83 83 83 83 83 83 83 83 83 83 83 83 83 83 83 83 83 83 83 83 82 67 61 61 61 61 61 61 61 50 50 50 50 50 50 50 50 37 33 33 30 27 23 23 15 7 

==> run20.fitness.log <==
82 82 82 82 82 82 82 82 82 82 82 82 82 82 82 82 82 82 82 82 82 82 82 80 80 70 70 63 63 52 50 50 50 50 50 50 50 50 50 34 33 33 33 25 1 1 0 0 0 0 
82 82 82 82 82 82 82 82 82 82 82 82 82 82 82 82 82 82 82 82 82 82 82 82 82 82 82 72 59 57 57 56 51 51 51 50 50 50 50 50 50 50 50 50 49 33 33 25 21 17 
76 76 76 76 76 76 76 76 76 76 76 76 76 76 76 76 76 76 76 76 76 76 76 76 76 65 63 62 62 50 50 50 50 50 50 50 50 50 50 50 50 50 50 50 49 41 0 0 0 0 
82 82 82 82 82 82 82 82 82 82 82 82 82 82 82 82 82 82 82 82 82 82 82 82 82 82 66 66 63 59 56 50 50 50 50 50 50 50 50 50 50 50 50 50 50 43 33 32 32 20 
80 80 80 80 80 80 80 80 80 80 80 80 80 80 80 80 80 80 80 80 80 80 80 80 80 70 70 65 54 54 54 54 52 52 52 52 50 50 41 41 35 35 32 32 23 22 6 6 6 2 
83 83 83 83 83 83 83 83 83 83 83 83 83 83 83 83 83 83 83 83 83 83 83 83 82 81 81 71 71 71 50 50 50 50 50 50 50 49 49 49 49 49 41 38 35 35 28 26 26 1 
84 84 84 84 84 84 84 84 84 84 84 84 84 84 84 84 84 84 84 84 84 81 75 75 67 62 52 52 52 52 52 51 51 51 51 51 51 51 51 39 37 36 36 35 30 25 23 19 3 1 
80 80 80 80 80 80 80 80 80 80 80 80 80 80 80 80 80 80 80 80 80 80 80 79 68 60 52 52 52 52 52 52 50 50 50 50 50 43 42 32 32 30 30 19 7 2 2 2 2 2 
81 81 81 81 81 81 81 81 81 81 81 81 81 81 81 81 81 81 81 81 81 81 81 81 81 81 81 81 81 81 81 71 60 52 51 51 51 51 51 51 45 41 36 33 33 9 3 3 3 3 
83 83 83 83 83 83 83 83 83 83 83 83 83 83 83 83 83 83 83 83 83 83 83 83 83 83 83 83 83 83 77 74 58 58 53 53 53 53 53 51 50 50 39 39 35 34 34 34 34 25 

==> run21.fitness.log <==
81 81 81 81 81 81 81 81 81 81 81 81 81 81 81 81 81 81 81 81 79 79 59 56 56 55 54 54 53 51 51 51 51 51 51 50 50 50 50 50 42 41 39 36 36 36 33 16 16 9 
79 79 79 79 79 79 79 79 79 79 79 79 79 79 79 79 79 79 79 79 79 78 76 60 60 53 53 53 53 53 53 52 51 50 50 50 50 50 50 48 48 48 40 37 37 34 30 14 4 4 
79 79 79 79 79 79 79 79 79 79 79 79 79 79 79 79 79 79 79 79 77 58 57 52 51 50 50 50 50 50 50 50 50 50 50 50 49 46 46 43 34 29 17 14 2 0 0 0 0 0 
80 80 80 80 80 80 80 80 80 80 80 80 80 80 78 77 73 73 59 59 55 54 52 52 52 52 51 50 50 50 50 50 46 46 41 32 30 30 24 18 14 8 6 3 2 2 2 0 0 0 
83 83 83 83 83 83 83 83 83 83 83 83 83 83 83 83 83 83 83 83 83 83 83 83 83 79 77 70 70 62 57 57 51 51 51 50 50 49 42 37 34 28 13 13 6 6 2 1 1 1 
85 85 85 85 85 85 85 85 85 85 85 85 85 85 85 85 85 80 77 76 74 72 72 72 66 61 59 59 59 56 56 52 50 50 50 50 50 46 45 45 39 38 38 37 32 23 14 11 10 9 
80 80 80 80 80 80 80 80 80 79 79 79 79 79 79 79 79 79 79 79 79 79 79 79 79 79 76 76 76 61 58 53 51 51 50 47 47 37 36 36 34 34 34 33 33 33 31 9 1 1 
71 71 71 71 71 71 71 71 71 71 71 71 71 71 71 71 71 71 71 71 71 71 71 71 71 69 66 61 53 52 52 50 50 50 50 50 50 44 44 44 43 43 42 41 29 26 24 0 0 0 
79 79 79 79 79 79 79 79 79 79 79 79 79 79 79 79 79 79 79 79 79 79 79 77 75 64 62 56 56 50 50 50 50 50 50 50 50 48 48 46 42 40 38 35 35 35 28 28 23 15 
77 77 77 77 77 77 77 77 77 77 77 77 77 77 77 77 77 77 77 70 56 52 52 52 52 52 52 52 51 51 51 50 50 50 50 39 38 33 33 26 15 15 12 11 11 3 3 3 1 1 

==> run22.fitness.log <==
51 51 51 51 51 51 51 51 51 51 51 51 51 51 51 51 51 51 51 51 51 51 51 51 51 51 51 51 51 51 51 51 51 51 51 51 51 51 50 50 50 50 50 50 35 29 1 1 1 1 
50 50 50 50 50 50 50 50 50 50 50 50 50 50 50 50 50 50 50 50 50 50 50 50 50 50 50 50 50 29 26 26 1 1 1 1 1 1 1 1 1 1 1 1 0 0 0 0 0 0 
51 51 51 51 51 51 51 51 51 51 51 51 51 51 51 51 51 51 51 51 51 51 51 51 51 51 51 51 51 51 51 51 51 51 51 51 50 50 31 11 1 1 1 1 1 1 1 1 1 1 
50 50 50 50 50 50 50 50 50 50 50 50 50 50 50 50 50 50 50 50 50 50 50 50 50 50 50 50 50 50 50 50 50 50 50 50 50 50 50 50 29 26 10 8 0 0 0 0 0 0 
52 52 52 52 52 52 52 52 52 52 52 52 52 52 52 52 52 52 52 52 52 52 52 52 52 52 52 52 52 52 52 52 52 52 52 52 52 52 52 52 25 22 4 4 4 4 4 4 2 2 
51 51 51 51 51 51 51 51 51 51 51 51 51 51 51 51 51 51 51 51 51 51 51 51 51 51 51 51 51 51 51 51 51 51 51 51 44 40 27 18 3 3 3 3 3 3 1 1 1 1 
51 51 51 51 51 51 51 51 51 51 51 51 51 51 51 51 51 51 51 51 51 51 51 51 51 51 51 51 51 51 51 51 51 51 51 43 32 15 6 2 2 2 2 2 2 2 2 1 1 1 
52 52 52 52 52 52 52 52 52 52 52 52 52 52 52 52 52 52 52 52 52 52 52 52 52 52 52 52 52 52 52 52 52 52 52 50 50 50 10 10 10 4 4 4 4 4 4 2 2 2 
51 51 51 51 51 51 51 51 51 51 51 51 51 51 51 51 51 51 51 51 51 51 51 51 51 51 51 51 51 51 51 51 51 51 51 51 51 51 50 16 13 11 1 1 1 1 1 1 1 0 
50 50 50 50 50 50 50 50 50 50 50 50 50 50 50 50 50 50 50 50 50 50 50 50 50 50 50 50 50 50 50 50 50 50 50 50 50 50 50 50 10 10 0 0 0 0 0 0 0 0 

==> run23.fitness.log <==
80 80 80 80 80 80 80 80 80 80 80 80 80 80 80 79 77 77 76 65 65 59 59 59 56 56 52 50 50 50 50 50 50 50 50 50 50 46 41 41 39 34 33 30 30 15 15 13 0 0 
79 79 79 79 79 79 79 79 79 79 79 79 79 79 79 79 79 79 79 78 78 57 57 57 57 57 50 50 50 50 40 37 37 37 36 36 29 29 29 29 23 11 11 9 7 4 0 0 0 0 
81 81 81 81 81 81 81 81 81 81 81 81 80 78 71 61 50 50 50 50 50 50 50 50 50 50 50 50 50 50 36 36 36 31 30 20 16 12 11 11 11 11 7 7 6 5 2 0 0 0 
78 78 78 78 78 78 78 78 78 78 78 78 78 78 78 78 78 77 77 74 70 59 59 59 59 55 53 53 53 53 53 53 53 50 50 50 50 37 36 36 35 29 28 28 9 9 9 8 3 3 
73 73 73 73 73 73 73 73 73 73 73 73 73 73 73 73 70 61 57 56 56 55 55 55 55 53 51 51 51 51 51 51 51 51 50 48 47 33 32 28 28 28 28 8 7 6 2 1 1 1 
84 84 84 84 84 84 84 84 84 84 84 84 84 84 84 84 84 84 58 58 56 56 56 52 51 51 51 51 51 51 51 51 48 48 47 47 47 42 42 39 36 31 25 17 17 15 10 9 8 3 
84 84 84 84 84 84 84 84 84 84 84 84 84 84 84 84 84 84 84 84 84 66 66 64 64 53 53 53 53 53 51 50 41 41 40 38 36 35 35 35 32 24 12 10 7 7 7 4 4 4 
83 83 83 83 83 83 83 83 83 83 83 83 83 83 83 83 83 83 83 83 83 80 68 68 68 58 58 57 55 55 55 52 52 52 52 52 52 50 50 50 48 48 47 40 33 33 16 12 9 8 
83 83 83 83 83 83 83 83 83 83 83 83 83 83 83 83 83 83 83 83 83 83 74 63 63 63 52 52 52 52 52 52 52 52 52 52 52 50 40 39 38 33 33 33 24 22 15 11 2 2 
79 79 79 79 79 79 79 79 79 79 79 79 79 79 79 79 79 79 79 79 79 79 77 75 66 57 57 50 50 50 50 50 50 50 50 50 50 50 50 50 50 34 33 33 33 17 9 5 4 0 

==> run24.fitness.log <==
72 69 63 63 63 63 63 63 63 63 63 63 63 63 63 63 55 52 52 52 52 52 52 52 52 50 50 50 50 35 30 27 26 23 23 20 18 16 16 11 10 10 9 5 0 0 0 0 0 0 
70 70 70 66 66 66 66 66 66 66 66 66 66 66 66 66 65 65 61 60 60 60 59 57 57 57 50 50 50 50 50 26 24 21 21 18 17 16 16 14 13 13 10 7 7 3 3 3 0 0 
75 75 75 75 75 75 75 75 75 75 75 75 75 75 75 75 75 68 68 68 64 64 64 64 64 60 60 53 53 53 53 50 50 50 50 44 34 30 29 28 27 25 24 18 14 14 13 13 6 3 
69 69 69 69 69 69 69 69 69 69 69 69 69 69 69 69 69 69 69 69 68 62 62 54 54 54 54 54 54 54 54 54 54 51 51 51 51 50 50 50 40 33 24 23 22 22 19 18 1 1 
82 67 67 67 67 67 67 67 67 67 67 67 67 67 67 67 67 65 60 59 58 53 53 53 53 53 52 50 50 50 50 38 36 34 29 29 29 24 23 23 21 19 12 10 9 8 5 3 2 2 
77 68 68 68 68 68 68 68 68 68 68 68 68 68 68 68 68 68 68 68 66 66 65 53 53 53 52 50 50 50 50 50 50 50 50 50 50 50 50 27 26 26 18 18 15 8 8 3 0 0 
78 67 67 67 67 67 67 67 67 67 67 67 67 67 67 67 67 67 67 67 67 67 59 59 56 56 56 56 54 52 52 52 52 28 28 26 22 22 17 17 17 17 16 13 13 12 11 9 6 2 
80 75 75 75 75 75 75 75 75 75 75 75 75 75 75 75 75 75 75 75 75 75 75 75 75 75 75 74 72 72 67 61 61 59 59 59 57 52 52 50 34 31 26 25 25 25 25 22 12 9 
81 81 80 73 73 73 73 73 73 73 73 73 73 73 73 73 73 73 73 73 73 73 73 73 73 73 73 73 73 70 70 68 66 58 57 57 56 56 56 51 51 51 38 38 23 23 23 17 14 1 
76 76 76 75 75 67 67 67 67 67 67 67 67 67 67 67 67 67 67 67 67 67 67 67 67 67 66 66 66 64 59 56 51 51 51 51 51 47 27 27 26 26 26 25 24 18 18 16 9 6 

==> run25.fitness.log <==
82 82 82 82 82 82 82 82 82 82 82 82 82 82 82 82 82 82 82 82 79 79 79 79 61 61 61 61 61 61 61 60 59 59 52 52 52 52 50 50 47 45 45 44 44 42 36 36 15 9 
87 87 87 87 87 87 87 87 87 87 87 87 87 87 87 87 87 85 85 85 85 78 78 61 61 61 60 60 59 58 54 52 50 50 50 50 42 41 41 41 30 28 17 14 14 14 11 11 10 2 
79 79 79 79 79 79 79 79 79 79 79 79 79 79 79 79 79 79 79 79 76 67 66 59 59 52 50 50 50 50 50 50 50 50 50 49 49 44 39 35 34 34 34 34 34 29 15 12 10 0 
76 76 76 76 76 76 76 76 76 76 76 76 76 76 76 76 76 75 75 75 75 75 73 73 73 70 70 58 58 58 58 55 55 51 51 50 50 50 50 50 50 34 32 31 31 28 23 23 15 13 
80 80 80 80 80 80 80 80 80 80 80 80 80 80 80 80 80 79 79 79 79 79 79 68 58 55 55 55 55 55 55 55 52 52 51 51 50 50 50 37 36 35 35 35 35 35 35 32 32 20 
79 79 79 79 79 79 79 79 79 79 79 79 79 79 79 79 79 79 79 79 79 79 78 76 75 75 75 69 60 59 59 59 59 59 59 59 59 52 51 50 50 47 46 34 34 22 21 10 6 1 
82 82 82 82 82 82 82 82 82 82 82 82 82 82 82 82 82 80 78 77 61 61 61 61 61 58 58 58 50 50 50 46 45 42 41 40 40 40 39 38 32 31 31 20 19 18 9 9 8 1 
79 79 79 78 78 78 78 78 78 78 78 78 78 78 78 78 78 78 78 73 59 59 59 59 59 58 58 52 51 50 46 41 41 37 36 34 34 33 33 33 33 33 29 29 29 29 18 3 2 2 
79 79 79 79 79 79 79 79 79 79 79 79 79 79 79 79 79 78 78 78 77 77 77 59 59 58 58 58 58 58 58 58 57 53 50 50 50 50 46 44 41 40 40 37 35 35 35 28 20 14 
79 75 75 75 75 75 75 75 74 74 74 74 74 74 74 74 74 74 74 72 72 67 57 57 57 57 56 56 51 51 51 51 50 45 44 43 43 43 43 42 41 40 39 38 38 36 36 35 35 35 

==> run26.fitness.log <==
89 87 87 86 86 86 86 85 85 85 85 85 85 85 85 85 85 85 85 85 85 85 85 85 85 79 76 59 56 54 54 37 25 19 8 8 8 7 7 5 5 5 5 5 5 5 5 2 2 2 
87 87 87 87 87 87 87 87 87 86 85 85 85 85 85 84 82 82 82 82 82 82 82 81 81 81 78 71 68 53 53 51 51 39 30 15 8 5 4 4 4 4 4 4 2 2 2 1 1 1 
87 87 87 87 87 87 87 87 87 87 87 87 87 87 86 85 85 85 85 80 80 80 80 80 75 68 59 57 56 47 43 8 7 7 7 7 7 7 7 7 7 7 7 1 1 1 1 1 1 0 
90 89 89 89 89 89 89 89 89 89 89 89 89 89 89 89 89 89 89 84 35 30 29 10 10 9 9 9 9 8 8 8 8 8 8 5 5 5 5 5 5 5 5 5 5 5 5 5 5 1 
89 89 88 88 88 88 88 88 88 88 88 88 88 88 88 88 85 85 85 76 65 24 24 19 17 4 4 3 2 2 2 2 2 2 2 2 2 2 2 2 2 0 0 0 0 0 0 0 0 0 
87 87 87 87 87 87 87 87 87 87 87 87 87 87 87 87 85 56 56 48 32 27 19 16 9 9 9 8 8 8 8 8 8 8 6 6 2 2 2 2 2 2 2 2 2 2 2 2 0 0 
86 86 85 85 85 85 85 85 85 85 85 85 85 85 85 85 85 85 83 83 74 74 67 61 59 50 35 30 14 14 12 7 5 4 3 3 3 3 3 3 3 3 1 1 0 0 0 0 0 0 
86 86 86 85 85 85 85 85 85 85 85 85 85 85 85 85 85 85 85 85 85 84 76 67 67 48 44 23 11 9 8 7 7 7 7 7 7 7 7 7 1 1 1 1 1 1 1 1 1 0 
83 82 82 82 82 82 81 81 81 81 81 81 81 81 81 81 81 81 81 81 81 80 80 80 80 77 76 66 61 49 40 33 19 17 8 7 5 5 4 4 4 4 4 4 1 1 1 1 1 1 
84 84 82 81 81 81 81 81 81 81 81 81 81 81 81 81 81 70 70 67 62 61 45 41 34 32 19 14 4 4 4 4 4 4 4 4 4 1 1 1 1 1 1 1 1 1 1 1 1 0 

==> run27.fitness.log <==
75 73 63 62 62 62 62 60 59 57 57 57 57 57 57 57 57 57 54 53 53 53 50 50 50 50 50 50 50 50 50 50 50 50 50 50 42 31 13 7 7 7 7 7 5 4 4 3 0 0 
73 71 61 60 60 60 60 60 60 60 60 60 60 59 59 59 59 55 54 53 53 50 50 50 50 50 50 50 50 50 50 36 32 22 10 10 10 9 5 1 1 0 0 0 0 0 0 0 0 0 
73 70 70 69 65 65 65 65 65 65 65 65 65 65 65 64 64 63 63 63 63 59 59 59 59 59 55 51 51 51 51 51 51 51 51 51 50 50 50 50 50 46 38 37 33 25 16 14 10 1 
76 76 76 76 76 76 76 74 72 69 66 66 65 65 65 65 65 65 65 65 65 64 60 60 60 60 60 60 59 59 51 51 51 51 51 51 51 51 50 39 38 38 37 36 31 31 31 11 10 2 
74 74 74 72 71 71 71 71 71 71 71 71 71 71 71 70 68 67 67 66 65 65 64 64 64 64 63 62 57 56 56 56 56 56 52 52 52 52 50 50 50 42 38 35 25 23 17 13 6 2 
79 73 73 73 73 72 72 71 71 71 71 71 71 71 71 71 71 71 71 71 71 71 69 67 65 64 58 58 58 58 58 53 50 50 50 50 50 44 41 39 39 30 29 26 26 23 17 12 10 2 
78 76 76 75 70 70 70 70 70 70 70 70 67 67 67 67 67 67 67 67 67 66 63 62 62 59 59 59 59 59 57 50 50 35 24 21 21 20 17 17 17 17 17 15 14 12 0 0 0 0 
83 83 83 83 83 83 83 83 83 73 73 73 73 73 73 73 71 71 71 69 67 67 67 67 67 67 67 67 67 56 55 55 55 55 53 50 50 50 50 50 50 50 40 29 28 21 20 18 16 13 
76 76 76 76 76 76 76 76 76 75 75 75 75 75 75 74 73 73 73 72 70 70 70 70 64 60 59 57 57 52 50 50 50 50 50 50 50 50 50 39 39 37 35 34 29 10 9 2 2 2 
77 77 77 77 77 77 77 77 77 77 77 77 77 77 77 77 77 77 76 76 76 76 76 75 75 71 71 71 69 68 59 55 53 53 52 51 51 51 51 51 51 51 51 41 39 33 15 11 6 4 
