 0 5286 5286 5286 5286 5286 5286 5286 5286 5286 5286 5286 5286 5286 5286 5286 5286 5286 5286 5286 5286 5286 5286 5286 5286 5286 5286 5286 5286 5286 5286 5286 5286 5286 5286 5286 5286 5286 5286 5286 5286 5286 5286 5286 5286 5286 5286 5286 5286 5286 5286 5286 5286 5286 5286 5286 5286 5286 5286 5286 5286 5286 5286 5286 5286 5286 5286 5286 5286 5286 5286 5286 5286 5286 5286 5286 5286 5286 5286 5286 5286 5286 5286 5286 5286 5286 5286 5286 5286 5286 5286 5286 5286 5286 5286 5286 5286 5286 5286 5286 5286 
 1 3427 5197 4528 3417 5143 4449 3480 5194 5373 5248 4388 4953 1999 2599 2034 5316 4846 5578 5443 5299 5143 5450 5146 5415 5147 4846 4528 4750 3510 5181 2758 5337 3480 4750 4651 5201 5443 5113 2717 4573 5025 5871 5181 4750 5443 2545 5066 5173 1986 5405 5644 4585 4057 5113 5240 5197 5850 2545 5337 5198 5371 4955 5100 5025 3412 4989 5213 4989 5289 4651 5146 5129 5084 5203 5100 5644 1984 4722 5240 4846 5100 4503 5422 1983 4460 5049 5299 5371 3510 5316 5366 4450 3412 4147 5578 5268 1983 4989 5395 5318 
 2 3535 2567 5143 5628 4730 1986 2518 4645 4589 4425 3661 3435 5278 3350 4225 2655 5390 5183 5099 5169 2030 5327 5130 5691 3413 3653 5445 5196 2419 4914 4807 1943 4706 4189 4476 2508 3191 4780 4831 5359 80 1953 4319 2273 3507 5097 4826 4783 5228 1896 5146 3313 4127 1969 5281 5299 1879 5772 5307 4383 5287 4669 2008 3312 4777 4480 4581 4534 5328 4460 1960 3458 143 2030 5121 3963 4298 5169 3317 5267 5756 2789 1866 3016 5399 5099 1905 3590 5102 5289 4413 4997 2694 5518 4564 5190 3350 3510 3930 2659 
 3 3969 4744 4017 2037 3388 3294 3985 3293 4033 5185 2603 3037 2108 4789 3503 4457 1948 4903 5851 5452 3796 4100 3810 2537 4183 5005 4330 5309 3147 4274 3793 943 5292 5396 3716 2926 4694 1790 2006 5427 3208 4579 5191 2939 3858 5099 87 2747 5345 4080 4786 4821 1906 5499 4811 5859 1813 1864 3528 4302 4754 5390 4190 2022 5587 3889 2785 3894 2738 3967 5504 2522 2070 3938 1786 2763 5338 1987 5826 3532 4272 1869 2464 2908 5153 2765 717 5192 2677 5992 4499 164 2461 3686 3088 4382 4375 5356 5238 1923 
 4 2541 2255 4126 3909 4636 1235 5452 4607 3001 5538 3533 4414 3376 2061 2420 1623 1167 2710 4801 2044 4336 1559 4588 3778 1939 6113 4495 631 144 2125 144 2269 3386 1967 4076 3595 2940 4957 1990 1733 3620 1834 3998 623 5339 5719 4948 606 3967 3354 1073 5000 5277 2680 3045 1874 5602 5022 5058 4932 5104 1884 5257 865 3311 2587 4160 3994 5055 613 4411 5798 5596 3255 2352 3650 3582 846 2816 1739 1807 3075 3802 5237 3335 3123 2276 4833 1963 4642 3651 4021 2734 4487 5379 1884 879 2051 144 4166 
 5 5207 4543 3863 4550 4534 2068 5123 3342 2129 2086 2586 3361 4386 3405 3879 2363 4019 5188 1870 3649 4316 1987 4484 5141 3257 4763 1201 1881 1882 2109 4216 3739 4208 5162 710 5052 148 4215 1289 5342 148 148 1795 2753 4068 1089 2225 3651 5979 5606 1932 5355 4913 4724 4217 1169 3847 2454 4159 5987 4291 2058 6040 4797 3647 1027 1486 2070 1528 4042 3836 4799 4737 148 2080 3171 2300 5340 2067 5744 1135 3715 2171 2089 3451 6136 2722 2934 1752 3229 5754 3679 4180 1924 2708 4166 2116 2162 4318 3453 
 6 3770 4776 3336 2395 4230 4553 1098 1481 801 1639 2471 2604 1978 4152 4149 4135 5201 1678 2166 1564 1199 169 1770 1626 3451 4582 5012 3557 1097 663 4065 4351 4767 4375 2188 1229 4636 807 5656 169 4298 1345 4124 4214 5003 1598 3818 4473 5448 4711 5418 4590 1202 1708 1903 5285 1095 4848 3551 4867 4616 2213 2523 3582 4107 5872 1998 4734 2355 3558 2407 2209 2047 5106 3519 1449 1661 3339 169 1637 3532 1199 3849 4390 520 4204 3488 1427 1215 2131 1754 5231 3717 5174 5233 3055 5668 5195 4029 5152 
 7 3962 751 4168 73 1961 151 5538 3323 3120 3556 5633 2414 4590 5934 1849 2828 5119 5812 2037 1288 2753 4611 2754 601 4364 1057 1276 3273 2263 845 776 4827 1907 2407 2777 556 886 591 2314 3762 151 2154 4329 905 5806 2896 4629 2847 2000 3959 1846 3460 151 4431 151 2831 3986 4570 843 2894 5212 1516 73 3421 2652 4247 870 2514 804 2277 4361 1098 2824 3377 2370 3840 2978 819 4278 1610 3810 2246 1656 2317 4843 4193 1152 78 5156 3144 724 2025 868 78 823 3123 1581 3394 3200 827 
 8 2034 2280 162 3051 2181 2166 3779 3789 4571 86 2403 642 2474 4303 1319 1988 2639 2110 2200 1776 1864 4001 4323 876 2051 1767 2273 1782 2000 4818 162 5071 2921 1644 162 1415 86 2215 5629 2655 162 3015 5501 2778 1565 4582 1249 162 1839 2195 3854 162 3944 3981 6140 4418 4487 1432 784 3306 2160 1838 4052 1985 3310 3466 2962 3670 2310 1907 1842 1318 1802 1594 162 1808 1413 737 3419 2208 162 162 2138 5864 1699 2119 2044 3793 162 1746 3175 4922 76 2775 1123 1103 3915 1286 2332 4232 
 9 4775 1306 93 3089 2386 928 3153 3679 182 1444 3914 2717 1038 1873 2098 93 4968 3418 1750 574 2648 2228 1563 1994 918 182 89 763 4167 1658 182 1909 2572 1784 997 2935 182 4370 901 894 3110 3405 4579 1833 183 3012 182 89 93 182 3691 543 683 2104 2194 3356 2163 3213 5570 4355 3403 719 674 1360 4688 183 1145 3073 767 5177 2907 4393 3203 3265 2379 182 3352 494 3799 93 2174 182 3418 182 4602 1000 89 2917 2480 1188 2563 3207 4230 813 2422 2719 1532 182 835 968 
10 1168 3690 3068 3818 1390 1106 3043 2845 2210 2083 160 767 644 79 2964 1149 1978 4098 670 2518 1042 160 615 163 3886 2176 4717 4269 611 3240 81 79 3023 507 680 160 3718 3982 4370 2024 160 173 160 4858 1869 5208 160 3652 730 3807 497 4115 4181 4072 160 4060 4086 1883 4669 2424 1745 79 754 3762 1790 4071 590 82 1806 1855 5071 4282 79 160 79 2181 1719 2336 2134 160 1915 160 2027 179 592 91 3419 160 522 81 1677 79 3833 1506 1412 1742 161 1989 160 1918 
11 3802 4130 2198 776 2934 950 892 4344 177 177 562 2956 2368 177 4425 776 177 1871 1145 652 1500 2160 177 177 95 573 700 177 2498 681 2960 177 82 1149 925 2075 4164 95 177 177 5769 718 2280 962 4683 177 5405 686 1817 3182 2738 506 537 3723 3777 184 1925 935 177 177 177 178 177 177 2369 717 3075 3632 1098 177 736 3392 1817 1167 177 730 784 2076 1517 4928 611 1656 177 1164 628 2285 3477 783 4498 3852 2021 177 5220 82 2962 95 178 879 177 574 
12 2008 102 3937 868 2252 2254 182 80 2492 3273 695 102 1292 182 858 1758 182 2007 3186 2205 185 182 82 3359 1551 1138 2363 1600 1833 701 182 182 194 102 1175 182 196 102 1849 80 1263 1879 3010 3115 1434 80 182 715 182 3185 80 2524 102 182 182 182 1028 1703 3276 183 649 1652 1382 1802 182 3358 3326 1907 183 182 2285 1712 5681 724 923 603 182 182 823 182 4237 182 601 186 4464 1570 2096 182 80 432 708 3973 182 182 1889 2772 2926 182 3090 80 
13 172 89 89 1143 2503 902 89 538 172 2302 89 172 89 1196 3908 2223 172 2451 1863 4958 1629 4793 1305 968 83 2944 1426 172 1881 2030 172 172 691 3021 1222 4605 89 4623 89 1960 1621 172 172 2854 172 4429 3598 1613 4197 628 733 666 172 172 172 928 4294 1258 172 2088 454 1057 1841 2054 1708 83 2361 198 2232 172 703 172 797 2973 172 83 6023 89 172 4075 4349 2747 2430 172 495 2702 2647 4682 2323 172 172 2274 2572 4751 174 83 606 845 83 83 
14 165 1899 530 84 545 87 2470 1324 1929 2904 165 710 165 547 553 604 82 4592 2954 165 1325 2070 165 2937 165 2868 82 85 1254 165 165 2610 82 1033 621 631 165 4515 685 860 1360 4422 2119 920 1068 82 1187 1568 165 2261 165 2235 165 165 797 82 2484 1954 1833 1281 83 813 615 165 1405 1311 1605 2268 82 691 165 165 82 165 2138 516 83 1440 562 2972 83 1953 976 1017 2994 165 830 1564 628 2715 165 1010 2886 2613 165 3276 82 721 165 165 
15 743 3550 3414 95 2684 183 183 88 1236 908 183 183 1792 2031 452 1806 1396 3144 631 183 95 778 183 183 183 752 1777 183 551 183 183 183 183 2005 3716 3252 1002 3088 183 183 587 642 2050 3220 183 95 184 2806 2858 686 2022 95 2205 183 543 2078 183 3663 874 769 88 2213 88 183 183 183 183 2356 183 2203 183 2902 88 2124 3522 3271 183 183 1531 1271 88 1879 95 183 183 95 1313 183 3339 1704 917 953 834 910 1800 1694 2228 1721 183 941 
16 3810 521 677 160 4153 4306 947 2889 160 643 1476 160 160 518 2466 160 1485 1885 160 160 975 694 2529 474 160 160 160 81 3502 81 718 1546 590 2310 1907 2481 1206 1008 160 1776 972 2158 518 4891 1292 2431 2261 2274 1731 1990 1212 2016 160 81 79 3228 160 1781 160 160 2022 719 2253 3026 4353 160 160 160 4306 160 3892 160 81 621 79 750 160 160 160 160 1104 160 2220 1123 79 3314 1900 1856 160 551 160 83 81 1160 81 1532 3092 1816 1960 3212 
17 606 156 84 1097 1164 437 4521 2273 84 72 813 1564 72 1455 87 1102 156 72 1815 1661 156 72 1879 1483 529 159 677 2674 156 156 156 72 2083 156 3266 1049 156 631 1351 72 156 4172 156 1389 156 541 848 2754 163 1206 84 1560 156 156 72 156 156 156 88 1261 1609 3229 558 156 156 2554 630 156 3477 2911 2363 156 72 156 84 2620 84 3082 84 879 1670 1159 744 2516 1409 2472 758 156 156 654 165 161 84 634 84 156 156 2030 84 156 
18 484 2758 160 1148 736 160 532 82 3232 82 829 160 2632 2600 78 673 1719 160 3332 162 1246 1598 82 589 160 5072 2070 3130 160 1605 160 2317 721 1980 160 927 533 2152 82 2532 160 160 1591 160 2809 1078 160 1138 82 2025 82 164 498 160 160 160 3773 700 1976 2106 83 160 545 160 670 160 160 160 160 1266 637 79 1043 806 759 78 599 1251 2625 160 160 1988 972 170 484 537 2328 1933 619 82 4032 806 550 160 2209 1777 78 160 1248 2157 
19 155 997 504 155 155 3076 527 3089 645 61 94 1257 1471 155 155 611 155 2025 2069 1033 654 61 155 2408 65 94 521 844 571 2170 155 156 61 155 155 1915 61 600 155 159 155 1044 155 94 168 3522 746 981 1850 2341 904 96 155 3495 484 2211 522 94 1894 501 94 721 161 1714 1224 514 160 1451 159 155 1408 2948 155 3391 155 155 554 528 2206 3933 1391 929 1793 94 94 526 2162 94 2058 1457 948 527 61 155 4888 1189 155 509 864 893 
20 70 152 152 3058 577 1306 82 1795 607 152 649 1703 690 1671 766 553 152 456 1478 513 2540 546 152 70 152 152 152 3644 1922 1033 152 572 152 152 931 152 152 1212 152 843 152 2249 152 153 152 152 82 1714 152 82 639 695 152 619 2176 82 152 152 152 2315 2665 203 154 152 82 152 153 82 1925 70 4480 152 1320 70 152 4731 152 2660 852 4275 619 2719 557 1682 2050 152 152 1590 152 152 583 1036 152 152 152 154 152 152 152 1568 
21 3745 804 2329 67 1466 67 768 1245 67 162 162 1471 600 95 162 162 3144 422 1560 1125 67 162 1717 706 95 903 822 163 162 70 2956 1414 162 95 577 846 592 95 2429 67 95 67 162 3115 1172 162 67 95 162 2502 760 2347 2659 67 95 162 526 171 162 67 647 3217 67 95 1849 624 162 164 2639 3993 162 162 95 162 162 162 162 67 3978 162 67 67 162 95 162 67 67 162 164 162 67 67 162 4554 2411 162 749 162 1464 162 
22 80 79 146 146 146 1672 492 148 1661 146 641 79 67 67 152 67 146 506 146 146 612 146 146 146 79 79 146 1537 146 146 936 146 146 146 147 1917 146 510 79 146 146 146 146 663 79 146 146 146 67 3968 146 92 792 146 441 146 146 146 608 146 146 146 437 146 1383 147 146 1043 1610 146 146 67 908 2442 146 146 146 146 1080 79 146 146 73 146 4746 146 838 146 146 146 147 146 1160 569 67 146 985 146 146 146 
23 808 1642 91 171 673 171 85 171 934 1123 85 171 710 171 171 1858 109 171 171 2836 4561 778 85 171 171 85 171 687 171 3495 1021 668 570 1579 171 171 568 171 85 171 86 736 86 86 2853 86 585 578 171 1474 176 1063 171 171 3745 777 171 171 86 86 171 2856 85 171 85 171 609 171 171 86 171 171 1555 2435 1014 86 171 1813 85 85 706 85 626 173 86 171 575 89 643 171 85 85 171 171 719 86 171 822 171 572 
24 81 163 88 163 2588 88 77 1892 525 651 163 163 75 535 75 1097 166 163 75 75 163 163 163 163 600 967 163 75 701 2544 88 163 644 163 88 836 615 173 1688 3534 830 75 75 88 488 3778 163 163 88 163 75 163 1652 163 163 163 163 163 88 1244 3147 163 163 163 468 612 88 75 75 75 163 163 88 75 75 3838 924 88 163 163 168 167 163 534 75 88 4385 75 1762 163 163 163 163 3410 75 163 88 88 75 1061 
25 93 177 84 177 177 84 177 84 177 763 177 2624 683 178 813 832 177 177 177 177 177 177 652 93 795 177 177 937 177 612 177 177 177 415 84 707 177 1164 93 177 84 503 985 177 3920 84 177 177 177 177 84 84 547 177 93 84 1927 177 177 84 93 177 93 177 177 93 2338 93 93 93 1963 579 177 93 177 177 84 1696 93 177 1341 1144 177 93 1435 177 177 177 857 177 177 177 695 177 177 1958 93 93 1326 512 
26 165 688 171 955 165 3280 165 165 165 165 779 576 165 819 828 165 165 555 165 94 673 713 622 94 94 71 346 165 165 165 165 165 165 71 496 702 165 71 165 71 165 94 94 1569 71 165 165 165 165 622 165 95 505 94 71 165 71 587 94 1904 94 613 165 165 165 1488 630 169 165 94 165 165 71 165 94 608 71 4881 900 165 71 165 771 165 94 71 94 71 165 507 165 94 950 165 71 165 95 169 71 174 
27 69 154 154 154 69 154 863 69 154 161 69 154 156 154 2171 154 154 154 154 155 69 69 154 154 1071 154 573 154 1172 85 154 154 85 85 742 85 4379 154 2906 85 643 164 154 85 1869 753 154 1007 1091 154 154 154 2042 720 154 85 154 154 154 85 69 154 154 154 154 154 154 154 154 663 154 154 154 1444 154 574 154 160 69 1755 85 154 933 154 154 154 780 154 1672 154 85 573 154 614 85 85 2214 487 154 85 
28 155 155 569 155 559 157 155 155 1088 70 155 70 70 155 155 618 155 1677 575 85 155 155 156 85 85 500 85 85 780 155 155 155 155 155 155 155 92 70 912 70 70 835 70 155 787 1609 157 2237 1364 155 85 155 522 155 70 157 155 155 155 656 538 170 85 155 1758 155 85 85 85 85 155 155 85 155 85 468 155 2683 155 155 155 155 155 557 155 155 155 1068 85 155 155 155 155 155 155 1001 155 155 155 70 
29 158 161 522 72 72 158 158 86 72 72 161 86 158 72 86 158 72 542 86 158 158 510 158 86 162 158 674 158 634 530 158 158 86 73 158 158 2351 694 606 158 160 86 86 72 3999 158 158 606 158 158 158 72 1118 158 158 158 158 158 158 158 4481 158 158 158 159 831 2482 641 633 158 86 624 1038 158 86 745 158 86 72 158 158 72 72 510 158 158 72 86 86 158 158 163 72 86 158 626 72 72 787 158 
30 466 155 82 155 155 155 73 1881 155 82 73 1828 155 82 1741 73 155 165 155 590 73 693 509 155 82 159 614 155 455 158 1676 82 155 155 82 1482 82 155 1644 155 82 73 702 82 762 155 155 73 155 73 1174 155 73 82 155 155 155 82 718 73 155 155 155 155 75 82 155 1116 616 155 73 155 73 1328 155 702 82 155 73 155 559 155 906 155 1447 155 155 155 82 465 1297 73 155 73 155 155 73 521 82 155 
31 70 518 70 81 1045 146 76 146 146 148 76 146 3756 76 70 1749 146 76 146 70 76 146 146 76 70 146 70 70 1944 146 146 76 146 146 146 76 146 514 2600 148 146 70 146 146 146 530 146 939 1618 70 146 148 412 146 76 1069 992 70 146 708 619 84 146 76 533 146 1235 146 146 146 146 76 495 76 146 146 553 146 76 146 76 146 146 146 146 846 146 4012 146 146 146 70 76 146 2047 146 70 76 146 146 
32 1395 60 147 147 147 62 60 147 147 147 765 1361 147 87 147 678 87 60 2885 147 147 60 87 1514 60 147 147 147 87 60 953 609 60 147 60 1507 147 60 147 147 488 87 147 147 147 1000 3660 147 147 492 147 147 60 60 60 1321 1992 87 149 1813 147 87 60 87 147 147 1495 60 147 512 147 60 87 1129 60 753 87 87 153 147 87 147 147 67 60 147 147 147 2420 147 147 147 60 147 548 87 60 60 60 471 
33 171 171 171 171 81 171 171 171 171 1658 81 171 171 171 171 171 171 90 81 81 518 171 81 90 81 581 81 171 171 171 90 1706 171 171 171 171 90 171 171 482 81 171 81 171 171 171 81 171 81 81 2447 171 171 81 171 81 2724 612 171 171 171 171 90 171 171 171 171 171 90 171 171 697 171 171 171 90 171 90 171 81 90 171 1618 171 171 90 171 171 81 200 81 579 81 81 81 171 90 420 171 171 
34 94 480 165 165 71 165 165 165 94 165 94 94 71 165 165 165 71 94 762 165 71 168 165 165 165 165 165 3373 94 165 165 165 94 71 71 165 71 807 165 71 94 71 165 165 165 94 94 165 165 165 71 165 165 165 165 165 94 771 165 530 165 481 71 165 165 165 816 165 165 625 1227 165 165 165 71 165 1156 165 576 94 2836 165 166 165 879 71 71 71 94 165 625 71 165 165 165 165 555 71 165 397 
35 65 823 65 570 139 139 139 65 139 139 139 139 498 65 139 67 522 65 577 65 1483 139 1283 74 139 65 507 65 65 139 65 65 531 139 1030 139 139 65 65 74 65 142 74 139 65 139 74 74 139 139 65 139 139 139 74 139 139 65 717 139 762 561 139 65 65 65 139 74 139 139 74 139 139 74 139 139 139 807 2646 139 152 139 74 74 65 461 501 600 139 139 74 139 74 65 530 139 604 566 65 139 
36 143 143 863 143 143 143 143 78 65 65 78 78 65 2700 143 144 65 556 65 143 143 78 143 186 143 143 647 65 143 143 143 143 143 662 143 143 708 143 65 82 143 65 144 78 143 143 78 1058 78 78 143 143 143 1480 78 787 826 143 65 89 723 143 143 65 147 143 143 143 143 78 143 143 143 143 65 1032 73 1645 143 78 78 65 143 1213 78 143 78 143 78 607 143 65 143 78 143 143 143 143 144 65 
37 151 84 84 1673 910 67 155 67 84 2120 151 997 151 549 84 84 153 151 3279 67 151 151 84 151 151 151 84 67 67 84 171 151 67 812 151 151 84 151 151 84 151 84 151 84 151 151 84 151 151 505 1561 151 151 84 151 67 151 67 151 151 84 151 151 67 1951 151 151 67 67 1133 84 2339 151 151 67 151 67 151 510 67 84 84 1820 151 67 151 151 152 67 1221 67 1437 84 569 151 84 151 67 67 151 
38 1462 167 167 167 167 167 83 509 167 4579 83 84 83 167 84 84 83 1815 168 167 84 83 167 84 85 83 84 167 84 168 84 167 83 83 84 604 167 83 167 167 167 83 167 167 690 167 167 83 84 92 167 1345 89 167 83 83 84 167 1914 84 167 167 84 167 168 167 167 83 1906 167 167 167 84 167 167 543 167 83 167 84 167 167 167 83 84 168 167 84 84 167 83 83 167 167 167 84 167 83 83 83 
39 187 187 191 187 187 110 110 187 110 187 187 187 77 187 187 187 187 187 110 187 110 110 369 77 609 187 77 187 187 191 110 187 187 77 187 110 1709 187 77 110 187 187 187 110 77 187 187 110 187 77 187 77 187 187 187 187 189 110 110 110 77 187 187 110 187 112 110 77 110 110 77 1599 187 112 77 77 187 77 77 110 110 187 187 187 187 110 187 605 187 81 187 187 77 187 77 722 187 187 77 110 
40 139 139 82 57 82 57 82 139 139 139 82 139 148 139 139 139 139 139 139 82 2605 82 1115 139 1488 2234 3964 139 139 139 57 1237 139 144 139 139 139 57 82 57 139 82 82 139 57 82 57 82 139 139 82 142 57 82 142 139 82 139 82 139 57 139 82 139 82 139 139 4899 139 139 82 139 57 139 139 139 139 82 57 139 82 139 139 139 139 780 139 139 139 82 82 57 139 82 87 57 511 139 57 57 
41 177 176 74 176 176 176 176 176 176 176 176 74 176 176 176 176 103 74 176 74 74 176 102 176 176 102 176 74 176 176 102 74 176 74 176 102 102 176 1042 176 179 176 102 176 176 74 74 102 176 74 102 176 176 176 102 176 176 176 468 176 176 74 102 102 102 176 117 176 176 74 74 77 176 176 102 74 102 176 102 176 74 176 102 176 102 74 176 176 657 176 102 176 176 176 74 178 102 176 176 74 
42 84 80 164 84 164 164 164 84 84 164 164 164 164 80 164 164 84 84 164 164 80 164 84 164 164 164 164 164 164 80 512 164 80 164 164 84 164 164 84 80 164 164 80 164 164 80 164 81 80 164 80 164 164 164 80 164 164 164 80 84 164 164 164 1471 164 164 84 164 84 164 968 165 164 80 164 84 164 463 164 80 84 701 164 164 80 164 164 164 164 84 164 164 164 84 84 164 164 84 80 164 
43 164 81 81 164 83 166 164 164 164 164 164 1529 164 81 81 83 83 81 164 699 81 81 165 83 83 83 164 83 81 164 81 81 164 164 83 164 164 164 164 2130 81 164 164 164 81 81 164 164 164 164 81 164 81 164 164 81 164 164 164 164 83 164 164 164 164 164 83 83 164 164 82 164 81 164 653 81 164 164 81 164 164 164 164 81 164 164 164 164 81 81 83 164 83 164 83 639 164 86 81 81 
44 94 173 79 81 173 173 173 2478 173 79 173 620 79 173 94 173 173 173 173 173 94 94 94 725 173 173 173 173 173 79 94 79 173 94 173 173 173 94 173 94 173 173 79 79 173 94 173 94 94 173 94 173 79 760 173 173 79 79 173 173 173 79 173 94 173 94 79 79 94 94 79 173 173 630 94 94 173 173 173 94 173 94 173 79 173 173 173 104 173 94 79 79 173 173 94 79 79 608 173 614 
45 174 174 93 174 174 174 174 174 81 93 174 174 174 93 174 174 174 93 93 93 174 93 174 174 81 93 174 81 93 81 174 93 174 540 174 93 174 456 81 174 174 174 174 174 174 176 174 174 174 174 93 174 81 81 174 174 81 84 81 174 174 81 174 81 81 2422 81 174 174 93 174 93 174 1465 81 174 177 174 93 174 696 93 175 174 81 174 174 174 174 174 93 81 93 81 81 174 93 81 174 174 
46 173 173 173 493 90 173 173 90 83 173 90 174 1508 90 177 83 173 173 83 176 173 173 83 86 84 173 90 90 966 83 173 173 443 83 173 83 173 173 173 83 173 173 90 173 173 83 173 173 173 90 173 83 173 90 90 173 173 83 83 173 173 173 173 83 83 173 173 83 83 90 173 173 173 90 173 173 173 90 83 173 550 173 90 83 173 83 83 173 173 90 173 173 173 83 173 90 173 173 83 83 
47 152 68 84 68 84 152 152 152 68 482 152 68 84 152 68 68 68 152 152 152 84 152 152 152 84 68 152 414 152 152 152 658 152 152 68 68 68 152 152 152 68 152 84 68 152 152 152 152 152 152 84 84 152 84 152 84 152 84 152 152 152 84 152 68 152 68 152 84 152 152 68 68 152 152 68 152 84 84 84 84 152 68 152 152 68 68 68 152 68 84 84 1534 68 68 84 68 68 152 944 152 
48 88 172 683 172 88 619 88 84 88 172 84 84 172 172 88 84 88 172 84 172 172 172 172 88 88 724 172 560 172 88 172 88 475 88 172 88 84 172 172 172 84 88 84 172 84 172 88 84 84 172 172 172 84 88 172 84 84 172 84 88 172 88 172 88 88 172 84 88 172 2138 172 619 88 172 172 172 172 900 88 172 84 84 88 84 172 88 88 172 172 172 172 88 88 88 3778 172 88 84 84 172 
49 85 77 85 77 77 162 212 162 77 162 939 162 85 85 85 162 85 162 496 162 162 162 162 85 77 162 77 85 162 162 162 162 162 533 162 162 162 85 162 77 77 162 162 77 602 162 77 162 162 162 162 85 85 162 77 162 162 162 162 162 162 85 162 85 162 889 85 77 77 77 162 162 77 162 162 162 162 85 162 162 77 162 162 162 85 162 77 162 77 162 162 77 162 85 77 162 85 162 162 162 
